KMeans from scratch:
purity: 0.17653613498885706
NMI: 0.0460135706267934
